3.981590270996094e-05
6.127357482910156e-05
0.00022649765014648438
0.0004696846008300781
0.0005693435668945312
0.0009312629699707031
0.0017764568328857422
0.0050699710845947266
0.00871729850769043
0.009513378143310547
4.601478576660156e-05
6.508827209472656e-05
0.0002434253692626953
0.00043392181396484375
0.0006699562072753906
0.0007910728454589844
0.002420663833618164
0.004960298538208008
0.006639719009399414
0.009501457214355469
8.96453857421875e-05
0.00014162063598632812
0.00018215179443359375
0.0004067420959472656
0.0011796951293945312
0.0007348060607910156
0.002098560333251953
0.005309343338012695
0.007317304611206055
0.012810230255126953
